E-COMMERCE SALES REPORT
======================
Mon Jul 27 16:08:46 CEST 2026

Statistics:
Total revenue: 3.93238e+06
Manual 7229
SOMBRERO  4415
POSTAGE 3138
found 1951
BAG 500g SWIRLY MARBLES 1459
check? 374
Found 363
adjustment 323
mailout 300
BAG 250g SWIRLY MARBLES 5144
EIRE 93617.1
France 92291.6
Netherlands 91315.8
Germany 90012.1
Australia 46268.9
Switzerland 23393.5
15555.0 20105
Spain 20001.5
Portugal 16590.9
Sweden 16415.5
Japan 16022.4
Singapore 15168.3
Belgium 14907.5
Norway 14060.2
Finland 10114.5
18069.0 10055
17954.0 10055
17725.0 10055
17613.0 10055
17358.0 10055
16771.0 10055
16728.0 10055
15912.0 10055
15483.0 10055
15436.0 10055
15252.0 10055
14243.0 10055
14016.0 10055
13610.0 10055
13568.0 10055
13334.0 10055
13208.0 10055
13168.0 10055
18055.0 10050
17551.0 10050
14083.0 10050
13715.0 10050
12748.0 10050
Italy 7016.9
Denmark 5702.88
Austria 4318.63
Poland 2351.71
Israel 2296.52
Unspecified 1822.36
Greece 1496.41
Iceland 1445.7
Malta 954.1
USA 939.32
Lebanon 602.85
RSA 377.43
Brazil 297.51
Lithuania 281.4
Bahrain 105
United Kingdom 3.08125e+06
United Arab Emirates 921.94
Saudi Arabia 73.32
Hong Kong 8602.8
18273.0 0
18204.0 0
18183.0 0
18130.0 0
18127.0 0
18118.0 0
18117.0 0
18116.0 0
18114.0 0
18096.0 0
18095.0 0
18041.0 0
18034.0 0
18005.0 0
17999.0 0
17997.0 0
17965.0 0
17920.0 0
17888.0 0
17886.0 0
17873.0 0
17870.0 0
17865.0 0
17858.0 0
17841.0 0
17838.0 0
17835.0 0
17832.0 0
17829.0 0
17813.0 0
17811.0 0
17809.0 0
17806.0 0
17799.0 0
17757.0 0
17750.0 0
17716.0 0
17706.0 0
17690.0 0
17686.0 0
17678.0 0
17677.0 0
17667.0 0
17658.0 0
17634.0 0
17631.0 0
17618.0 0
17611.0 0
17602.0 0
17596.0 0
17593.0 0
17590.0 0
17576.0 0
17561.0 0
17557.0 0
17545.0 0
17522.0 0
17516.0 0
17515.0 0
17507.0 0
17504.0 0
17499.0 0
17491.0 0
17451.0 0
17449.0 0
17442.0 0
17433.0 0
17428.0 0
17404.0 0
17400.0 0
17389.0 0
17385.0 0
17377.0 0
17375.0 0
17372.0 0
17368.0 0
17340.0 0
17338.0 0
17337.0 0
17303.0 0
17297.0 0
17293.0 0
17290.0 0
17289.0 0
17288.0 0
17282.0 0
17272.0 0
17265.0 0
17255.0 0
17252.0 0
17243.0 0
17231.0 0
17228.0 0
17223.0 0
17221.0 0
17201.0 0
17162.0 0
17128.0 0
17124.0 0
17109.0 0
17107.0 0
17092.0 0
17085.0 0
17073.0 0
17059.0 0
17054.0 0
17050.0 0
17042.0 0
17019.0 0
17015.0 0
16984.0 0
16952.0 0
16947.0 0
16938.0 0
16931.0 0
16924.0 0
16923.0 0
16919.0 0
16918.0 0
16916.0 0
16910.0 0
16907.0 0
16906.0 0
16904.0 0
16900.0 0
16898.0 0
16887.0 0
16880.0 0
16869.0 0
16814.0 0
16813.0 0
16805.0 0
16801.0 0
16794.0 0
16779.0 0
16777.0 0
16776.0 0
16775.0 0
16773.0 0
16764.0 0
16753.0 0
16744.0 0
16710.0 0
16700.0 0
16684.0 0
16676.0 0
16674.0 0
16667.0 0
16666.0 0
16614.0 0
16600.0 0
16593.0 0
16592.0 0
16570.0 0
16549.0 0
16533.0 0
16526.0 0
16518.0 0
16511.0 0
16497.0 0
16495.0 0
16469.0 0
16466.0 0
16464.0 0
16460.0 0
16456.0 0
16449.0 0
16448.0 0
16447.0 0
16444.0 0
16442.0 0
16426.0 0
16423.0 0
16409.0 0
16374.0 0
16365.0 0
16360.0 0
16356.0 0
16348.0 0
16345.0 0
16340.0 0
16332.0 0
16324.0 0
16297.0 0
16265.0 0
16255.0 0
16244.0 0
16222.0 0
16186.0 0
16121.0 0
16102.0 0
16083.0 0
16081.0 0
16049.0 0
16033.0 0
16031.0 0
16015.0 0
16007.0 0
16005.0 0
15993.0 0
15987.0 0
15985.0 0
15984.0 0
15976.0 0
15974.0 0
15967.0 0
15951.0 0
15916.0 0
15910.0 0
15907.0 0
15906.0 0
15899.0 0
15880.0 0
15867.0 0
15865.0 0
15861.0 0
15856.0 0
15854.0 0
15834.0 0
15826.0 0
15805.0 0
15800.0 0
15799.0 0
15796.0 0
15756.0 0
15750.0 0
15737.0 0
15722.0 0
15719.0 0
15707.0 0
15665.0 0
15660.0 0
15646.0 0
15641.0 0
15632.0 0
15630.0 0
15547.0 0
15541.0 0
15535.0 0
15532.0 0
15531.0 0
15529.0 0
15513.0 0
15508.0 0
15506.0 0
15498.0 0
15493.0 0
15489.0 0
15484.0 0
15457.0 0
15456.0 0
15453.0 0
15452.0 0
15443.0 0
15427.0 0
15415.0 0
15376.0 0
15365.0 0
15356.0 0
15351.0 0
15334.0 0
15330.0 0
15311.0 0
15306.0 0
15271.0 0
15230.0 0
15225.0 0
15194.0 0
15159.0 0
15157.0 0
15114.0 0
15093.0 0
15089.0 0
15059.0 0
15054.0 0
15038.0 0
15023.0 0
15021.0 0
15012.0 0
15009.0 0
15006.0 0
15005.0 0
15004.0 0
14998.0 0
14988.0 0
14984.0 0
14978.0 0
14972.0 0
14966.0 0
14965.0 0
14963.0 0
14948.0 0
14944.0 0
14921.0 0
14913.0 0
14912.0 0
14911.0 0
14903.0 0
14901.0 0
14896.0 0
14895.0 0
14893.0 0
14854.0 0
14852.0 0
14824.0 0
14815.0 0
14801.0 0
14800.0 0
14796.0 0
14790.0 0
14769.0 0
14766.0 0
14759.0 0
14755.0 0
14729.0 0
14715.0 0
14711.0 0
14704.0 0
14698.0 0
14696.0 0
14688.0 0
14684.0 0
14662.0 0
14659.0 0
14649.0 0
14646.0 0
14638.0 0
14631.0 0
14629.0 0
14626.0 0
14620.0 0
14606.0 0
14587.0 0
14583.0 0
14577.0 0
14573.0 0
14572.0 0
14565.0 0
14553.0 0
14552.0 0
14547.0 0
14546.0 0
14535.0 0
14534.0 0
14524.0 0
14507.0 0
14505.0 0
14504.0 0
14502.0 0
14499.0 0
14462.0 0
14461.0 0
14460.0 0
14456.0 0
14451.0 0
14450.0 0
14449.0 0
14439.0 0
14431.0 0
14414.0 0
14410.0 0
14408.0 0
14404.0 0
14401.0 0
14400.0 0
14395.0 0
14382.0 0
14334.0 0
14321.0 0
14298.0 0
14286.0 0
14272.0 0
14235.0 0
14221.0 0
14215.0 0
14210.0 0
14194.0 0
14180.0 0
14179.0 0
14171.0 0
14165.0 0
14159.0 0
14156.0 0
14135.0 0
14099.0 0
14096.0 0
14088.0 0
14081.0 0
14071.0 0
14049.0 0
14048.0 0
14030.0 0
14.95 0
13995.0 0
13975.0 0
13969.0 0
13959.0 0
13941.0 0
13897.0 0
13869.0 0
13838.0 0
13835.0 0
13823.0 0
13798.0 0
13764.0 0
13742.0 0
13735.0 0
13709.0 0
13700.0 0
13694.0 0
13668.0 0
13654.0 0
13644.0 0
13642.0 0
13637.0 0
13611.0 0
13601.0 0
13599.0 0
13588.0 0
13565.0 0
13563.0 0
13533.0 0
13523.0 0
13515.0 0
13496.0 0
13488.0 0
13471.0 0
13468.0 0
13458.0 0
13451.0 0
13448.0 0
13447.0 0
13428.0 0
13411.0 0
13396.0 0
13381.0 0
13357.0 0
13319.0 0
13269.0 0
13268.0 0
13267.0 0
13265.0 0
13263.0 0
13233.0 0
13230.0 0
13225.0 0
13209.0 0
13192.0 0
13186.0 0
13184.0 0
13183.0 0
13174.0 0
13170.0 0
13167.0 0
13162.0 0
13158.0 0
13137.0 0
13126.0 0
13124.0 0
13097.0 0
13089.0 0
13069.0 0
13064.0 0
13047.0 0
13044.0 0
13037.0 0
13012.0 0
13004.0 0
13001.0 0
12985.0 0
12977.0 0
12970.0 0
12957.0 0
12949.0 0
12909.0 0
12877.0 0
12867.0 0
12854.0 0
12847.0 0
12843.0 0
12842.0 0
12838.0 0
12762.0 0
12749.0 0
12744.0 0
12743.0 0
12673.0 0
12638.0 0
12633.0 0
12577.0 0
12567.0 0
12556.0 0
12553.0 0
12540.0 0
12520.0 0
12502.0 0
12501.0 0
12494.0 0
12484.0 0
12428.0 0
12415.0 0
12383.0 0
12378.0 0
 0
